[gd_scene load_steps=7 format=2]

[ext_resource path="res://Scenes/Vehicles/AeroJunker.tscn" type="PackedScene" id=1]
[ext_resource path="res://Scenes/Terrains/terrain1.tscn" type="PackedScene" id=2]
[ext_resource path="res://Scenes/Environment Objects/Checkpoint_circle.tscn" type="PackedScene" id=3]
[ext_resource path="res://Scenes/Environment Objects/rock2.tscn" type="PackedScene" id=4]
[ext_resource path="res://Scenes/Environment Objects/rock3.tscn" type="PackedScene" id=5]
[ext_resource path="res://Scenes/Environment Objects/rock1.tscn" type="PackedScene" id=6]

[node name="Spatial" type="Spatial"]

[node name="DirectionalLight" type="DirectionalLight" parent="."]
transform = Transform( 1, 0, 0, 0, 0.258819, 0.965926, 0, -0.965926, 0.258819, 0, 4, 0 )

[node name="terrain1" parent="." instance=ExtResource( 2 )]

[node name="StaticBody" parent="terrain1/Landscape" index="0"]
collision_mask = 2

[node name="AeroJunker" parent="." instance=ExtResource( 1 )]
transform = Transform( -0.258819, 0, -0.965926, 0, 1, 0, 0.965926, 0, -0.258819, 76, 1, 412 )

[node name="Checkpoint" parent="." instance=ExtResource( 3 )]
transform = Transform( -4.38278e-08, -1.16415e-10, -1, 1.13118e-10, 1, -1.16415e-10, 1, -1.13545e-10, -4.38278e-08, 256.985, 0, 449 )

[node name="Checkpoint2" parent="." instance=ExtResource( 3 )]
transform = Transform( -0.965926, 7.95456e-11, -0.258819, 1.13118e-10, 1, -1.16415e-10, 0.258819, -1.41836e-10, -0.965926, 330.985, 23, 299 )

[node name="Checkpoint3" parent="." instance=ExtResource( 3 )]
transform = Transform( -0.5, -4.40459e-11, -0.866025, 1.13118e-10, 1, -1.16415e-10, 0.866025, -1.5654e-10, -0.5, 281.985, 1, 210 )

[node name="Checkpoint4" parent="." instance=ExtResource( 3 )]
transform = Transform( 5.96046e-08, -1.16415e-10, -1, 1.13118e-10, 1, -1.16415e-10, 1, -1.13545e-10, 5.96046e-08, -74.015, 1, 176 )

[node name="Checkpoint5" parent="." instance=ExtResource( 3 )]
transform = Transform( 0.866025, -1.5654e-10, -0.5, 1.13118e-10, 1, -1.16415e-10, 0.5, 4.40459e-11, 0.866025, -144.015, 1, 328 )

[node name="Checkpoint6" parent="." instance=ExtResource( 3 )]
transform = Transform( 0.5, 4.40459e-11, 0.866025, 1.13118e-10, 1, -1.16415e-10, -0.866025, 1.5654e-10, 0.5, -118.015, 30, 443 )

[node name="Checkpoint7" parent="." instance=ExtResource( 3 )]
transform = Transform( 0.258819, 8.30607e-11, 0.965926, 1.13118e-10, 1, -1.16415e-10, -0.965926, 1.39806e-10, 0.258819, 81.985, 2, 414 )

[node name="Rocks" parent="." groups=[
"environment",
] instance=ExtResource( 4 )]
transform = Transform( 7.2, 0, 0, 0, 5.472, 0, 0, 0, 7.2, 174, 0, 440 )

[node name="rock3" parent="Rocks" instance=ExtResource( 5 )]
transform = Transform( 1, 0, 0, 0, 1, 0, 0, 0, 1, 0, 0, -4.16666 )

[node name="rock4" parent="Rocks" instance=ExtResource( 5 )]
transform = Transform( 2.6, 0, 0, 0, 6.5, 0, 0, 0, 4.3, 11.5278, 0, 4.02778 )

[node name="rock5" parent="Rocks" instance=ExtResource( 5 )]
transform = Transform( 1.3, -4.27816, 0, 0.766808, 0.841162, -5.46511, 3.6974, 4.05592, 1.89197, 31.3889, 0, -7.77778 )

[node name="rock6" parent="Rocks" instance=ExtResource( 5 )]
transform = Transform( -2.61647, -2.73011, 2.33505, -3.25631, 2.80999, -2.77733, -1.65223, -4.8112, -3.30502, 31.3889, 0, -4.16666 )

[node name="rock7" parent="Rocks" instance=ExtResource( 5 )]
transform = Transform( -3.23495, -5.02499, -1.8275, 0.766808, 0.841162, -5.46511, 2.21266, -3.08264, 0.489677, 12.994, 0, -43.2451 )

[node name="rock8" parent="Rocks" instance=ExtResource( 5 )]
transform = Transform( 0.918744, 3.94066, 3.79676, -3.25631, 2.80999, -2.77733, -2.95494, -3.88231, 1.40008, 9.50595, 0, -42.3105 )

[node name="rock9" parent="Rocks" instance=ExtResource( 5 )]
transform = Transform( -3.32932, -1.01625, 1.32986, -3.63949, 8.31094, -10.368, -1.81321, -5.21562, -2.87801, -23.8115, 0, -32.2729 )

[node name="rock10" parent="Rocks" instance=ExtResource( 5 )]
transform = Transform( 0.918744, 3.94066, 3.79676, -3.25631, 2.80999, -2.77733, -2.95494, -3.88231, 1.40008, -27.994, 0, -41.4771 )

[node name="rock1" parent="Rocks" instance=ExtResource( 6 )]
transform = Transform( 1.15278, 0, 0, 0, 1.51681, 0, 0, 0, 1.15278, -2.91667, 0, -4.72222 )

[node name="rock2" parent="Rocks" instance=ExtResource( 6 )]
transform = Transform( -5.03895e-08, -1.15278, 0, 1.51681, -6.6302e-08, 0, 0, 0, 1.15278, -2.91667, -0.182748, -2.36111 )

[node name="rock11" parent="Rocks" instance=ExtResource( 5 )]
transform = Transform( 0.5, 0, -0.866025, 0, 1, 0, 0.866025, 0, 0.5, -6.5768, 0, 0.603241 )

[node name="rock12" parent="Rocks" instance=ExtResource( 6 )]
transform = Transform( 0.576389, 0, -0.998335, 0, 1.51681, 0, 0.998335, 0, 0.576389, -7.554, 0, -2.20045 )

[node name="rock13" parent="Rocks" instance=ExtResource( 6 )]
transform = Transform( -2.51948e-08, -0.576389, -0.998335, 1.51681, -6.6302e-08, 0, -4.36386e-08, -0.998335, 0.576389, -9.59878, -0.182748, -1.0199 )

[node name="rock14" parent="Rocks" instance=ExtResource( 5 )]
transform = Transform( -0.5, 0, -0.866025, 0, 1, 0, 0.866025, 0, -0.5, -11.0463, 0, -5.3169 )

[node name="rock15" parent="Rocks" instance=ExtResource( 6 )]
transform = Transform( -0.576389, 0, -0.998335, 0, 1.51681, 0, 0.998335, 0, -0.576389, -9.10686, 0, -7.56503 )

[node name="rock16" parent="Rocks" instance=ExtResource( 6 )]
transform = Transform( 2.51948e-08, 0.576389, -0.998335, 1.51681, -6.6302e-08, 0, -4.36386e-08, -0.998335, -0.576389, -11.1516, -0.182748, -8.74559 )

[node name="rock17" parent="Rocks" instance=ExtResource( 5 )]
transform = Transform( 0.258819, 0, -0.965926, 0, 1, 0, 0.965926, 0, 0.258819, -17.0566, 0, 1.21926 )

[node name="rock18" parent="Rocks" instance=ExtResource( 6 )]
transform = Transform( 0.298361, 0, -1.1135, 0, 1.51681, 0, 1.1135, 0, 0.298361, -17.2748, 0, -1.74181 )

[node name="rock19" parent="Rocks" instance=ExtResource( 6 )]
transform = Transform( -1.30418e-08, -0.298361, -1.1135, 1.51681, -6.6302e-08, 0, -4.86725e-08, -1.1135, 0.298361, -19.5555, -0.182748, -1.13072 )

[node name="rock20" parent="Rocks" instance=ExtResource( 5 )]
transform = Transform( -0.707107, 0, -0.707107, 0, 1, 0, 0.707107, 0, -0.707107, -19.8416, 0, -5.65596 )

[node name="rock21" parent="Rocks" instance=ExtResource( 6 )]
transform = Transform( -0.815137, 0, -0.815137, 0, 1.51681, 0, 0.815137, 0, -0.815137, -17.3863, 0, -7.32551 )

[node name="rock22" parent="Rocks" instance=ExtResource( 6 )]
transform = Transform( 3.56308e-08, 0.815137, -0.815137, 1.51681, -6.6302e-08, 0, -3.56308e-08, -0.815137, -0.815137, -19.0559, -0.182748, -8.99507 )

[node name="rock23" parent="Rocks" instance=ExtResource( 5 )]
transform = Transform( -0.866025, 0, 0.5, 0, 1, 0, -0.5, 0, -0.866025, -23.045, 0, -15.6812 )

[node name="rock24" parent="Rocks" instance=ExtResource( 6 )]
transform = Transform( -0.998335, 0, 0.576389, 0, 1.51681, 0, -0.576389, 0, -0.998335, -20.7969, 0, -13.7418 )

[node name="rock25" parent="Rocks" instance=ExtResource( 6 )]
transform = Transform( 4.36386e-08, 0.998335, 0.576389, 1.51681, -6.6302e-08, 0, 2.51948e-08, 0.576389, -0.998335, -19.6163, -0.182748, -15.7865 )

[node name="rock26" parent="Rocks" instance=ExtResource( 5 )]
transform = Transform( 3.31137e-08, 0, 1, 0, 1, 0, -1, 0, 3.31137e-08, -16.2142, 0, -12.789 )

[node name="rock27" parent="Rocks" instance=ExtResource( 6 )]
transform = Transform( 1.32455e-07, 0, 1.15278, 0, 1.51681, 0, -1.15278, 0, 1.32455e-07, -16.7698, 0, -9.87234 )

[node name="rock28" parent="Rocks" instance=ExtResource( 6 )]
transform = Transform( -3.94746e-15, -1.32455e-07, 1.15278, 1.51681, -6.6302e-08, 0, 5.03895e-08, 1.15278, 1.32455e-07, -14.4087, -0.182748, -9.87233 )

[editable path="terrain1"]
